1694368509071 10038614.0 0
1694368509259 9578136.0 1
1694368509460 9079602.0 2
1694368509637 8505083.0 3
1694368509805 7831908.0 4
1694368509982 7138002.0 5
1694368510159 6536239.5 6
1694368510326 6048092.5 7
1694368510470 5749699.5 8
1694368510614 5579726.0 9
1694368510760 5503323.5 10
1694368510915 5467141.5 11
1694368511071 5449602.0 12
1694368511214 5438924.5 13
1694368511360 5418365.0 14
1694368511559 5404557.0 15
1694368511726 5390387.5 16
1694368511893 5373042.5 17
1694368512115 5355914.0 18
1694368512271 5336338.5 19
1694368512414 5314551.0 20
1694368512560 5293247.0 21
1694368512703 5270018.5 22
1694368512870 5246757.0 23
1694368513004 5222588.0 24
