1694382743684 9812148.0 0
1694382743875 9315114.0 1
1694382744063 8757281.0 2
1694382744220 8147284.0 3
1694382744375 7493659.0 4
1694382744531 6877902.5 5
1694382744686 6329276.0 6
1694382744842 5927712.0 7
1694382745020 5681039.5 8
1694382745242 5562707.5 9
1694382745419 5511732.5 10
1694382745598 5486300.5 11
1694382745775 5471306.5 12
1694382745954 5455236.5 13
1694382746131 5439888.0 14
1694382746319 5424881.5 15
1694382746475 5408263.0 16
1694382746619 5391635.5 17
1694382746786 5376263.0 18
1694382746941 5357743.0 19
1694382747809 5338561.0 20
1694382747986 5318114.0 21
1694382748164 5298389.0 22
1694382748419 5274259.5 23
1694382748620 5250348.5 24
