1694384080967 10347726.0 0
1694384083081 9884447.0 1
1694384083982 9375887.0 2
1694384084905 8789144.0 3
1694384085670 8148389.0 4
1694384086972 7497087.0 5
1694384087824 6890807.5 6
1694384088944 6352429.5 7
1694384089642 5969111.5 8
1694384090180 5717444.5 9
1694384090771 5567419.5 10
1694384091540 5500169.0 11
1694384092531 5472893.5 12
1694384093532 5454188.0 13
1694384094257 5439318.0 14
1694384095442 5422578.5 15
1694384096427 5405702.5 16
1694384097196 5389195.5 17
1694384097918 5371605.0 18
1694384098888 5351380.5 19
1694384099578 5334522.0 20
1694384100166 5313609.0 21
1694384100625 5291157.0 22
1694384100803 5268311.5 23
1694384101014 5244477.5 24
